3 0.259375 0.9640625 0.0984375 0.071875
3 0.51015625 0.6453125 0.08828125 0.090625
0 0.4984375 0.91796875 0.1234375 0.0703125
2 0.3640625 0.95859375 0.1078125 0.0828125
0 0.08515625 0.7578125 0.11953125 0.1125
1 0.99453125 0.43515625 0.01015625 0.0828125
1 0.2859375 0.4359375 0.1015625 0.0796875
3 0.50234375 0.559375 0.0578125 0.0578125
1 0.26640625 0.5078125 0.0796875 0.06171875
1 0.43984375 0.58828125 0.0453125 0.06953125
1 0.46328125 0.52734375 0.06875 0.04375
1 0.275 0.73203125 0.0640625 0.05390625
1 0.3984375 0.8953125 0.07265625 0.04921875
0 0.29140625 0.8828125 0.13359375 0.07265625
1 0.94765625 0.63828125 0.07421875 0.0609375
1 0.9765625 0.99296875 0.04609375 0.0140625
1 0.703125 0.65390625 0.059375 0.0609375
1 0.6328125 0.65703125 0.06328125 0.06640625
1 0.7828125 0.6890625 0.08359375 0.0828125
1 0.6390625 0.32265625 0.0828125 0.0703125
1 0.84765625 0.321875 0.0828125 0.06484375
1 0.4765625 0.775 0.0609375 0.05859375
1 0.41328125 0.78046875 0.0578125 0.05546875
1 0.5875 0.7046875 0.0671875 0.065625
1 0.83359375 0.9296875 0.0515625 0.04609375