3 0.740625 0.0359375 0.0984375 0.071875
3 0.48984375 0.3546875 0.08828125 0.090625
0 0.5015625 0.08203125 0.1234375 0.0703125
2 0.6359375 0.04140625 0.1078125 0.0828125
0 0.91484375 0.2421875 0.11953125 0.1125
1 0.00546875 0.56484375 0.01015625 0.0828125
1 0.7140625 0.5640625 0.1015625 0.0796875
3 0.49765625 0.440625 0.0578125 0.0578125
1 0.73359375 0.4921875 0.0796875 0.06171875
1 0.56015625 0.41171875 0.0453125 0.06953125
1 0.53671875 0.47265625 0.06875 0.04375
1 0.725 0.26796875 0.0640625 0.05390625
1 0.6015625 0.1046875 0.07265625 0.04921875
0 0.70859375 0.1171875 0.13359375 0.07265625
1 0.05234375 0.36171875 0.07421875 0.0609375
1 0.0234375 0.00703125 0.04609375 0.0140625
1 0.296875 0.34609375 0.059375 0.0609375
1 0.3671875 0.34296875 0.06328125 0.06640625
1 0.2171875 0.3109375 0.08359375 0.0828125
1 0.3609375 0.67734375 0.0828125 0.0703125
1 0.15234375 0.678125 0.0828125 0.06484375
1 0.5234375 0.225 0.0609375 0.05859375
1 0.58671875 0.21953125 0.0578125 0.05546875
1 0.4125 0.2953125 0.0671875 0.065625
1 0.16640625 0.0703125 0.0515625 0.04609375