2 0.8125 0.628125 0.1171875 0.115625
2 0.9828125 0.903125 0.034375 0.11875
0 0.8484375 0.909375 0.1171875 0.146875
2 0.4796875 0.4359375 0.0984375 0.10234375
1 0.99296875 0.53359375 0.0140625 0.078125
1 0.86484375 0.7328125 0.0734375 0.0703125
1 0.9390625 0.7140625 0.06953125 0.0734375
1 0.871875 0.490625 0.0734375 0.06796875
1 0.86171875 0.428125 0.07734375 0.07578125
1 0.98671875 0.4375 0.02578125 0.08359375
1 0.65 0.721875 0.09296875 0.0640625
1 0.43984375 0.21328125 0.09296875 0.0546875
1 0.3375 0.1578125 0.0921875 0.08359375
1 0.29140625 0.23984375 0.08515625 0.08125
1 0.82265625 0.01640625 0.0703125 0.0328125
1 0.63515625 0.06328125 0.08828125 0.07890625
1 0.53046875 0.10234375 0.08828125 0.07734375