3 0.26015625 0.978125 0.0984375 0.04375
3 0.82578125 0.8609375 0.12890625 0.09609375
3 0.4109375 0.453125 0.10390625 0.11484375
2 0.36484375 0.98828125 0.1078125 0.0234375
2 0.9125 0.8171875 0.1046875 0.0875
1 0.99765625 0.67421875 0.0046875 0.0734375
1 0.74609375 0.26484375 0.06796875 0.0765625
3 0.98203125 0.11484375 0.03515625 0.07109375
3 0.93515625 0.1234375 0.05234375 0.06640625
0 0.68046875 0.19375 0.10546875 0.09140625
1 0.7296875 0.70859375 0.0828125 0.0515625
1 0.640625 0.8015625 0.0640625 0.0515625
1 0.82109375 0.61640625 0.05234375 0.0703125
1 0.8375 0.70390625 0.05703125 0.0734375
1 0.73984375 0.61796875 0.0890625 0.05
1 0.81328125 0.53984375 0.06171875 0.05546875
1 0.9703125 0.584375 0.05859375 0.04765625
1 0.97890625 0.65234375 0.0421875 0.06484375
1 0.9765625 0.98203125 0.04609375 0.0359375
1 0.6171875 0.64921875 0.0734375 0.06640625
1 0.678125 0.48046875 0.0640625 0.06953125
1 0.7796875 0.42109375 0.04453125 0.059375