3 0.73984375 0.021875 0.0984375 0.04375
3 0.17421875 0.1390625 0.12890625 0.09609375
3 0.5890625 0.546875 0.10390625 0.11484375
2 0.63515625 0.01171875 0.1078125 0.0234375
2 0.0875 0.1828125 0.1046875 0.0875
1 0.00234375 0.32578125 0.0046875 0.0734375
1 0.25390625 0.73515625 0.06796875 0.0765625
3 0.01796875 0.88515625 0.03515625 0.07109375
3 0.06484375 0.8765625 0.05234375 0.06640625
0 0.31953125 0.80625 0.10546875 0.09140625
1 0.2703125 0.29140625 0.0828125 0.0515625
1 0.359375 0.1984375 0.0640625 0.0515625
1 0.17890625 0.38359375 0.05234375 0.0703125
1 0.1625 0.29609375 0.05703125 0.0734375
1 0.26015625 0.38203125 0.0890625 0.05
1 0.18671875 0.46015625 0.06171875 0.05546875
1 0.0296875 0.415625 0.05859375 0.04765625
1 0.02109375 0.34765625 0.0421875 0.06484375
1 0.0234375 0.01796875 0.04609375 0.0359375
1 0.3828125 0.35078125 0.0734375 0.06640625
1 0.321875 0.51953125 0.0640625 0.06953125
1 0.2203125 0.57890625 0.04453125 0.059375