3 0.04296875 0.02734375 0.0859375 0.0546875
3 0.16640625 0.76640625 0.096875 0.0921875
2 0.03359375 0.903125 0.06640625 0.11875
0 0.09609375 0.221875 0.1015625 0.0984375
1 0.1078125 0.46171875 0.07890625 0.07734375
1 0.11953125 0.64296875 0.07578125 0.0796875
1 0.034375 0.534375 0.06875 0.078125
1 0.19453125 0.6609375 0.07421875 0.08671875
1 0.2625 0.74765625 0.07421875 0.07578125
1 0.29296875 0.84375 0.07578125 0.0703125
1 0.3453125 0.8015625 0.071875 0.071875
1 0.4390625 0.76875 0.0921875 0.0734375
1 0.4640625 0.65234375 0.07578125 0.0640625
1 0.459375 0.54140625 0.0734375 0.08671875
1 0.30546875 0.46484375 0.0828125 0.0796875
1 0.2203125 0.51484375 0.07578125 0.071875
1 0.1609375 0.575 0.0703125 0.06953125
1 0.3984375 0.43828125 0.06640625 0.07578125
1 0.0234375 0.4375 0.04609375 0.08359375
1 0.046875 0.34609375 0.05625 0.06953125
1 0.0984375 0.35234375 0.05078125 0.0734375
1 0.38515625 0.18125 0.05625 0.07734375
1 0.703125 0.1671875 0.07890625 0.0734375
1 0.59453125 0.1140625 0.06640625 0.0796875