3 0.41484375 0.45625 0.115625 0.09921875
0 0.18359375 0.41171875 0.090625 0.1390625
0 0.60078125 0.253125 0.12578125 0.0984375
1 0.42109375 0.33125 0.06015625 0.06328125
1 0.3140625 0.2171875 0.06171875 0.0640625
1 0.253125 0.17109375 0.07109375 0.06171875
1 0.36796875 0.18828125 0.05546875 0.0546875
1 0.35234375 0.41484375 0.075 0.07109375
1 0.3015625 0.30859375 0.0609375 0.06484375
1 0.3046875 0.61015625 0.07265625 0.0640625
1 0.21015625 0.77265625 0.0546875 0.06796875
1 0.175 0.715625 0.06171875 0.0671875
1 0.05 0.7140625 0.06796875 0.07734375
1 0.078125 0.59921875 0.06640625 0.06796875
1 0.0296875 0.56484375 0.059375 0.0828125
1 0.2015625 0.5078125 0.0625 0.05859375
1 0.53203125 0.6703125 0.0609375 0.0640625
1 0.16875 0.15234375 0.078125 0.0703125
1 0.14921875 0.2015625 0.05625 0.05546875
1 0.15625 0.2625 0.06796875 0.0484375
1 0.378125 0.27265625 0.0671875 0.06484375
1 0.44140625 0.18515625 0.07421875 0.06015625
1 0.01796875 0.00703125 0.0359375 0.0140625
1 0.225 0.2765625 0.0515625 0.0515625
1 0.22734375 0.22890625 0.05390625 0.05859375
1 0.59453125 0.51953125 0.08203125 0.071875