3 0.171875 0.08828125 0.13125 0.115625
0 0.9046875 0.76328125 0.13828125 0.1765625
0 0.659375 0.69140625 0.11328125 0.115625
1 0.83671875 0.18359375 0.0578125 0.06484375
1 0.9046875 0.184375 0.0609375 0.07578125
1 0.96796875 0.32578125 0.0640625 0.0734375
1 0.8015625 0.378125 0.07265625 0.071875
1 0.4453125 0.23203125 0.0828125 0.0515625
1 0.4796875 0.28828125 0.06796875 0.0609375
1 0.4125 0.31328125 0.0546875 0.05703125
1 0.384375 0.34765625 0.0671875 0.06484375
1 0.34921875 0.56640625 0.0765625 0.06328125
1 0.2625 0.57734375 0.0828125 0.0640625
3 0.9890625 0.88515625 0.021875 0.07109375
1 0.9921875 0.41484375 0.015625 0.0484375
1 0.9921875 0.34765625 0.015625 0.06484375
1 0.98203125 0.01796875 0.0359375 0.0359375