3 0.740625 0.9640625 0.0984375 0.071875
3 0.48984375 0.6453125 0.08828125 0.090625
0 0.5015625 0.91796875 0.1234375 0.0703125
2 0.6359375 0.95859375 0.1078125 0.0828125
0 0.91484375 0.7578125 0.11953125 0.1125
1 0.00546875 0.43515625 0.01015625 0.0828125
1 0.7140625 0.4359375 0.1015625 0.0796875
3 0.49765625 0.559375 0.0578125 0.0578125
1 0.73359375 0.5078125 0.0796875 0.06171875
1 0.56015625 0.58828125 0.0453125 0.06953125
1 0.53671875 0.52734375 0.06875 0.04375
1 0.725 0.73203125 0.0640625 0.05390625
1 0.6015625 0.8953125 0.07265625 0.04921875
0 0.70859375 0.8828125 0.13359375 0.07265625
1 0.05234375 0.63828125 0.07421875 0.0609375
1 0.0234375 0.99296875 0.04609375 0.0140625
1 0.296875 0.65390625 0.059375 0.0609375
1 0.3671875 0.65703125 0.06328125 0.06640625
1 0.2171875 0.6890625 0.08359375 0.0828125
1 0.3609375 0.32265625 0.0828125 0.0703125
1 0.15234375 0.321875 0.0828125 0.06484375
1 0.5234375 0.775 0.0609375 0.05859375
1 0.58671875 0.78046875 0.0578125 0.05546875
1 0.4125 0.7046875 0.0671875 0.065625
1 0.16640625 0.9296875 0.0515625 0.04609375