3 0.09765625 0.1296875 0.0921875 0.109375
3 0.41015625 0.46875 0.0828125 0.0625
2 0.3703125 0.66484375 0.109375 0.10390625
0 0.8265625 0.45234375 0.0921875 0.16953125
1 0.76015625 0.26953125 0.0828125 0.0640625
1 0.7375 0.3453125 0.071875 0.0609375
1 0.82265625 0.015625 0.0703125 0.03125
1 0.41328125 0.11796875 0.07890625 0.0703125
1 0.37578125 0.153125 0.07421875 0.07578125
1 0.20625 0.12734375 0.090625 0.065625
1 0.296875 0.06171875 0.08515625 0.090625
1 0.29453125 0.36015625 0.0828125 0.0796875