3 0.90234375 0.8703125 0.0921875 0.109375
3 0.58984375 0.53125 0.0828125 0.0625
2 0.6296875 0.33515625 0.109375 0.10390625
0 0.1734375 0.54765625 0.0921875 0.16953125
1 0.23984375 0.73046875 0.0828125 0.0640625
1 0.2625 0.6546875 0.071875 0.0609375
1 0.17734375 0.984375 0.0703125 0.03125
1 0.58671875 0.88203125 0.07890625 0.0703125
1 0.62421875 0.846875 0.07421875 0.07578125
1 0.79375 0.87265625 0.090625 0.065625
1 0.703125 0.93828125 0.08515625 0.090625
1 0.70546875 0.63984375 0.0828125 0.0796875