3 0.8625 0.21328125 0.0859375 0.11328125
3 0.5140625 0.3828125 0.07421875 0.1171875
3 0.71484375 0.8390625 0.09375 0.1140625
3 0.57421875 0.60234375 0.06953125 0.084375
3 0.5046875 0.54453125 0.065625 0.08515625
3 0.2578125 0.2015625 0.09140625 0.08828125
3 0.128125 0.22578125 0.05859375 0.15078125
1 0.540625 0.2453125 0.06484375 0.07890625
1 0.8234375 0.54453125 0.08046875 0.05859375
1 0.91875 0.5890625 0.08671875 0.0640625
1 0.8265625 0.75859375 0.08671875 0.078125
1 0.70546875 0.5109375 0.071875 0.0859375
1 0.37578125 0.1703125 0.096875 0.07578125
1 0.8703125 0.021875 0.06796875 0.04375
1 0.775 0.459375 0.09375 0.0734375