2 0.1875 0.628125 0.1171875 0.115625
2 0.0171875 0.903125 0.034375 0.11875
0 0.1515625 0.909375 0.1171875 0.146875
2 0.5203125 0.4359375 0.0984375 0.10234375
1 0.00703125 0.53359375 0.0140625 0.078125
1 0.13515625 0.7328125 0.0734375 0.0703125
1 0.0609375 0.7140625 0.06953125 0.0734375
1 0.128125 0.490625 0.0734375 0.06796875
1 0.13828125 0.428125 0.07734375 0.07578125
1 0.01328125 0.4375 0.02578125 0.08359375
1 0.35 0.721875 0.09296875 0.0640625
1 0.56015625 0.21328125 0.09296875 0.0546875
1 0.6625 0.1578125 0.0921875 0.08359375
1 0.70859375 0.23984375 0.08515625 0.08125
1 0.17734375 0.01640625 0.0703125 0.0328125
1 0.36484375 0.06328125 0.08828125 0.07890625
1 0.46953125 0.10234375 0.08828125 0.07734375