3 0.58515625 0.54375 0.115625 0.09921875
0 0.81640625 0.58828125 0.090625 0.1390625
0 0.39921875 0.746875 0.12578125 0.0984375
1 0.57890625 0.66875 0.06015625 0.06328125
1 0.6859375 0.7828125 0.06171875 0.0640625
1 0.746875 0.82890625 0.07109375 0.06171875
1 0.63203125 0.81171875 0.05546875 0.0546875
1 0.64765625 0.58515625 0.075 0.07109375
1 0.6984375 0.69140625 0.0609375 0.06484375
1 0.6953125 0.38984375 0.07265625 0.0640625
1 0.78984375 0.22734375 0.0546875 0.06796875
1 0.825 0.284375 0.06171875 0.0671875
1 0.95 0.2859375 0.06796875 0.07734375
1 0.921875 0.40078125 0.06640625 0.06796875
1 0.9703125 0.43515625 0.059375 0.0828125
1 0.7984375 0.4921875 0.0625 0.05859375
1 0.46796875 0.3296875 0.0609375 0.0640625
1 0.83125 0.84765625 0.078125 0.0703125
1 0.85078125 0.7984375 0.05625 0.05546875
1 0.84375 0.7375 0.06796875 0.0484375
1 0.621875 0.72734375 0.0671875 0.06484375
1 0.55859375 0.81484375 0.07421875 0.06015625
1 0.98203125 0.99296875 0.0359375 0.0140625
1 0.775 0.7234375 0.0515625 0.0515625
1 0.77265625 0.77109375 0.05390625 0.05859375
1 0.40546875 0.48046875 0.08203125 0.071875