3 0.828125 0.91171875 0.13125 0.115625
0 0.0953125 0.23671875 0.13828125 0.1765625
0 0.340625 0.30859375 0.11328125 0.115625
1 0.16328125 0.81640625 0.0578125 0.06484375
1 0.0953125 0.815625 0.0609375 0.07578125
1 0.03203125 0.67421875 0.0640625 0.0734375
1 0.1984375 0.621875 0.07265625 0.071875
1 0.5546875 0.76796875 0.0828125 0.0515625
1 0.5203125 0.71171875 0.06796875 0.0609375
1 0.5875 0.68671875 0.0546875 0.05703125
1 0.615625 0.65234375 0.0671875 0.06484375
1 0.65078125 0.43359375 0.0765625 0.06328125
1 0.7375 0.42265625 0.0828125 0.0640625
3 0.0109375 0.11484375 0.021875 0.07109375
1 0.0078125 0.58515625 0.015625 0.0484375
1 0.0078125 0.65234375 0.015625 0.06484375
1 0.01796875 0.98203125 0.0359375 0.0359375